Matriz a operar:
                9.000000        3.000000        5.000000        3.000000        7.000000        2.000000
                6.000000        10.000000       2.000000        6.000000        2.000000        1.000000
                10.000000       5.000000        9.000000        5.000000        9.000000        8.000000
                5.000000        3.000000        6.000000        8.000000        2.000000        8.000000
                4.000000        5.000000        4.000000        1.000000        7.000000        5.000000
                5.000000        8.000000        3.000000        9.000000        6.000000        1.000000



Ejercicio 2_A (LU):
                10.000000       5.000000        9.000000        5.000000        9.000000        8.000000
                0.600000        7.000000        -3.40000        3.000000        -3.40000        -3.80000
                0.900000        -0.21429        -3.82857        -0.85714        -1.82857        -6.01429
                0.500000        0.071429        -0.45522        4.895522        -3.08955        1.533582
                0.500000        0.785714        -0.30597        0.792683        6.060976        -3.07012
                0.400000        0.428571        -0.48507        -0.55183        0.373742        2.504904



Ejercicio 2_B (Determinante):
                Determinante = -19919.000000

Ejercicio 2_C (Inversa AX=I):
                0.428586        0.062051        -0.41654        0.217079        0.168181        -0.16447
                -0.20478        0.124504        0.190120        -0.13078        -0.03795        0.000100
                -0.82454        0.042623        1.211456        -0.57905        -0.72428        0.168583
                0.089211        -0.07189        -0.15171        0.123902        0.002560        0.103168
                0.143983        -0.12897        -0.19815        0.040715        0.202219        0.089412
                0.302124        -0.01330        -0.51830        0.338571        0.399217        -0.14920



Ejercicio 2_D (Inversa con DGETRI):
                0.428586        0.062051        -0.41654        0.217079        0.168181        -0.16447
                -0.20478        0.124504        0.190120        -0.13078        -0.03795        0.000100
                -0.82454        0.042623        1.211456        -0.57905        -0.72428        0.168583
                0.089211        -0.07189        -0.15171        0.123902        0.002560        0.103168
                0.143983        -0.12897        -0.19815        0.040715        0.202219        0.089412
                0.302124        -0.01330        -0.51830        0.338571        0.399217        -0.14920